uknowurajumpoffwhen	3	3	4	19	8	-3	1	8	1	3	0	0	5	0	0	0
tebakbandtranslate	13	18	33	18	3	-3	1	7	0	0	0	0	1	0	0	0
tweetmyjobs	2	2	115	11	3	-16	1	17	0	0	0	0	1	0	0	0
ForaSarney	307	328	331	10	2	-12	20	136	0.235294	4	0	0	7	0	0	0
questionyouhate	9	9	17	15	3	-23	2	12	0.166667	1	0	0	2	0	0	0
whostillwear	2	2	4	12	3	-19	1	128	0.296875	2	0.818182	0.0703125	4	1	4103	4103
ihatewhengirlssay	3	4	6	17	5	-6	1	19	0.736842	4	0.6	0.210526	5	0	0	0
ChupaMaradona	5	5	7	13	2	-2	1	11	0.181818	1	0	0	2	0	0	0
somebodyshouldatold	3	3	4	19	4	-7	1	187	0.203209	8	0	0	10	0	0	0
BringBackRachelle	14	15	19	17	3	-4	13	96	1.85417	19	0.186047	0.133605	54	1	6364	6364
alesanputus	3	3	7	11	2	-23	1	32	0.4375	3	0	0	6	0	0	0
helpiranelection	9	10	24	16	3	-5	1	55	0.109091	1	0	0	2	1	4552	4552
finetakeyourbanana	2	4	6	18	4	-14	1	21	0.0952381	1	0	0	2	0	0	0
parodiasamegirl	2	2	3	15	3	-2	1	127	0.771654	48	0.00265487	0.015755	49	1	28669	28669
souljaboygotarrested	1	1	2	20	4	-5	1	445	0.211236	7	0.0576923	0.00272873	14	4	154348	180560
decemberwish	13	35	37	12	2	-22	22	13	0	0	0	0	1	0	0	0
SeVoceQuiser	76	76	77	12	3	-13	1	7	0	0	0	0	1	0	0	0
yungbergshead	1	1	2	13	2	-7	1	452	1.17257	186	0.00770988	0.0781475	213	4	154348	168819
shameonyouABC	1	1	2	13	4	-7	1	283	0.763251	19	0.188976	0.0412986	47	0	0	0
euteamomcfly!	3	11	13	13	3	-6	1	43	0.55814	5	0	0	10	0	0	0
iusuallylieabout	10	11	16	16	4	-6	1	129	0.0465116	1	0	0	2	0	0	0
internetnecesario	13	24	27	17	2	-17	1	18	1.66667	5	0.1	0.0425926	14	1	4659	4659
celebgifts	2	3	5	10	2	-4	1	30	0	0	0	0	1	0	0	0
dupedb	1	1	2	6	1	-16	1	343	0	0	0	0	1	0	0	0
gr88	6	24	34	4	2	-2	1	30	0.133333	1	0	0	2	0	0	0
tebakfilmtranslate	36	51	59	18	3	-17	15	16	0.25	1	0	0	2	0	0	0
BeccaBasheBall	1	1	2	14	3	-19	1	247	0.0404858	3	0	0	4	0	0	0
mattgiraudhatgod	26	26	28	16	4	-2	25	86	1.83721	32	0.149596	0.196131	44	0	0	0
whatsidechicksget4xmas	1	1	2	22	6	-3	1	148	1.02703	66	0.00831025	0.0608297	71	3	154348	167097
MileyComeBack	8	8	19	13	3	-22	1	7	0	0	0	0	1	0	0	0
signtoyoungmoney	2	2	3	16	4	-19	2	356	0.460674	10	0.0869565	0.00418227	42	2	5269	9332
followskate4cancer	3	3	18	18	4	-14	1	26	0	0	0	0	1	0	0	0
manwhy	11	13	18	6	2	-21	1	40	0.15	1	0	0	2	0	0	0
Tehran	208	219	232	6	1	-16	46	46	2.17391	10	0.306667	0.219807	25	3	15105	31301
AMALiveOnUstream	29	29	30	16	4	-13	28	41	0.097561	1	0	0	2	0	0	0
rsarena	1	1	2	7	1	-4	1	264	0.00757576	1	0	0	2	0	0	0
BSBnewsingle	21	22	23	12	3	-3	20	54	2.74074	18	0.258993	0.299693	39	1	43978	43978
openwebawards	13	24	782	13	3	-13	1	14	0.142857	1	0	0	2	2	8335	16328
SouljaBoysSexyHair	1	1	2	18	4	-4	1	169	0	0	0	0	1	0	0	0
questionsyouhate	13	14	29	16	3	-21	3	27	0.666667	5	0.352941	0.106173	8	0	0	0
WELUVMIKESARVER	24	24	27	15	3	-4	23	30	1	6	0.1	0.05	15	0	0	0
DFizzyOwnsPerez	1	1	2	15	3	-23	1	345	0.498551	56	0	0	78	3	27292	52850
rulesofrelationship	13	13	14	19	3	-24	1	17	0	0	0	0	1	0	0	0
twitmovie	13	27	46	9	2	-5	9	32	0.9375	6	0.176471	0.0708333	10	0	0	0
JBsummermemories	1	1	2	16	3	-21	1	181	1.02762	32	0.0394737	0.0387105	66	0	0	0
DontyouloveGOD	1	1	2	14	4	-24	1	310	2.38065	243	0.0108451	0.30575	258	4	251307	376272
BrazilneedsJonas	2	2	6	16	3	-2	1	96	0.625	6	0	0	13	0	0	0
archuletaxmascd	187	188	210	15	2	-18	186	103	4.38835	38	0.261942	0.233674	77	0	0	0
Winwin7	1	1	628	7	3	-15	1	55	2.43636	36	0.117216	0.220774	41	4	29956	44102
zacseifpleasefollowme	1	1	2	21	4	-14	1	214	1.75701	159	0.00427791	0.123059	167	1	17730	17730
EuJaDanceiNaBoquinhaDaGarrafa	1	1	2	29	7	-14	1	150	1.30667	68	0.0234558	0.138311	77	2	18573	33093
nicerfilmtitles	3	4	18	15	3	-9	1	29	2.06897	11	0.307087	0.263278	17	0	0	0
MP2	2	2	5	3	1	-4	1	78	0.025641	1	0	0	2	0	0	0
zensursula	13	174	182	10	2	-21	15	59	3.05085	33	0.156069	0.278665	45	1	10883	10883
SpeidiOnUstream	47	47	48	15	3	-7	1	11	0.181818	1	0	0	2	1	930030	930030
oisoucine	3	3	4	9	1	-2	1	48	0.125	1	0	0	2	0	0	0
realfilmsnotpornfilms	1	1	2	21	5	-11	1	206	0.194175	6	0.193548	0.0165049	9	2	6630	11022
funindonesia	1	1	2	12	2	-6	1	124	0.483871	8	0.0983607	0.0352343	18	1	6063	6063
orbabanget	9	9	10	10	2	-9	6	15	0	0	0	0	1	0	0	0
MeganFoxWatch	1	1	2	13	3	-13	1	278	0.028777	2	0	0	3	0	0	0
greekdraft	4	6	7	10	2	-17	3	13	0	0	0	0	1	0	0	0
iloveign	1	1	55	8	3	-3	1	40	0.1	1	0	0	2	0	0	0
Lost%%	1	1	2	6	1	-4	1	214	0.476636	43	0.00330033	0.00935097	48	1	35875	35875
HappyBdayArchie	33	52	56	15	4	-10	27	17	0.352941	2	0	0	3	0	0	0
conservativebible	3	4	5	17	2	-2	2	19	1.05263	5	0.166667	0.0403509	8	1	5928	5928
weloverob!	4	4	6	10	3	-1	1	134	0.149254	1	0	0	2	0	0	0
originalgifts	1	1	2	13	2	-13	1	77	0.103896	1	0	0	2	2	12774	16991
legalbud	1	1	1	8	2	-5	1	147	0	0	0	0	1	0	0	0
sawityowit	5	5	367	10	3	-11	5	30	1	9	0.258621	0.160185	11	2	8473	13535
Pellan	1	1	2	6	1	-21	1	121	0.14876	2	0	0	3	0	0	0
ssinvite	1	1	2	8	1	-17	1	166	0.795181	18	0.168067	0.051681	42	1	5775	5775
HappyBdayNickJ	9	9	10	14	4	-2	5	17	0	0	0	0	1	0	0	0
JoeShowMeUrTonsils	1	1	2	18	5	-24	1	113	0.212389	2	0	0	3	0	0	0
concursonacion	1	1	2	14	2	-11	1	159	7.69811	63	0.359841	0.26469	124	0	0	0
whydowhitepeople	1	1	2	16	4	-13	1	161	0.21118	3	0.545455	0.0372671	5	0	0	0
crosstalk	46	47	48	9	2	-22	46	61	2.88525	22	0.258699	0.255652	42	4	33841	58205
InKripkeWeTrust	9	10	11	15	4	-16	1	20	0	0	0	0	1	0	0	0
chanannose	1	1	2	10	2	-2	1	111	0.882883	42	0.0103211	0.03906	46	1	154348	154348
noloe	13	15	34	5	1	-9	5	14	0.571429	4	0	0	5	0	0	0
chetanblocks	2	2	3	12	2	-9	1	86	3.09302	17	0.250804	0.196866	56	0	0	0
NYTFail	1	1	2	7	2	-19	1	146	0.452055	8	0.157895	0.0290117	12	3	10394	24360
pinkinconcert	1	1	2	13	2	-6	1	217	0.894009	75	0.00746269	0.0531134	83	3	1269341	1285138
letter2myex	23	23	25	11	4	-17	22	22	0.0909091	1	0	0	2	0	0	0
juicystar007	7	7	8	12	3	-4	7	145	0.0137931	1	0	0	2	0	0	0
machadaynu	1	1	2	10	1	-15	1	177	0.225989	2	0	0	5	1	4981	4981
mileylovesshanedawson	1	1	2	21	4	-3	1	166	0.0361446	1	0	0	2	0	0	0
twittesuainfancia	8	8	52	17	3	-10	7	11	0	0	0	0	1	0	0	0
Happybdayweezy	1	1	2	14	3	-21	1	82	0.0243902	1	0	0	2	0	0	0
secretturnons	5	5	7	13	3	-21	4	20	0.1	1	0	0	2	0	0	0
HuelgaOEA	6	20	29	9	2	-12	6	12	0.333333	2	0	0	3	0	0	0
getwellfab	1	1	2	10	3	-11	1	87	0.091954	2	0	0	3	1	9656	9656
meatpop	2	2	4	7	2	-10	2	130	3.64615	69	0.0860264	0.23384	119	3	43353	55016
googlewaveinvite	416	419	439	16	3	-1	22	44	0.818182	10	0.1875	0.155303	15	12	29853	105897
shiwake3	13	68	84	8	3	-3	22	40	0.9	6	0.195652	0.0716667	16	1	29332	29332
shjobs	11	11	76	6	2	-13	11	1	0	0	0	0	1	0	0	0
tsuribaka	145	145	147	9	2	-4	141	58	2.06897	17	0.293948	0.206339	29	0	0	0
ha1lday	34	35	36	7	2	-21	31	21	0.190476	1	0	0	2	0	0	0
lingerieday	10	178	182	11	2	-3	1	18	2	9	0.268657	0.265432	14	0	0	0
mcflybrasil2010	27	27	28	15	4	-4	24	18	0	0	0	0	1	0	0	0
GOP	791	791	792	3	1	-12	1	10	0.8	3	0	0	4	1	18708	18708
phish	24	26	47	5	1	-5	33	48	2.45833	14	0.351621	0.195419	28	1	6282	6282
RingNight	1	1	26	9	2	-5	1	17	0.117647	1	0	0	2	0	0	0
TreySongzAnticipation	10	10	11	21	3	-2	7	32	3.125	21	0.178378	0.241707	30	2	251307	261647
sherilyn	1	1	2	8	1	-14	1	77	0.025974	1	0	0	2	0	0	0
tylive	1	1	1	6	2	-17	1	93	0	0	0	0	1	0	0	0
disniggabowwow	3	3	4	14	3	-23	1	7	0	0	0	0	1	0	0	0
Wimbledon	548	558	572	9	1	-18	242	95	0.505263	4	0.346154	0.0385965	10	1	6674	6674
stopleakinggaga	2	2	3	15	3	-13	1	25	0	0	0	0	1	0	0	0
itcaty%	9	12	18	7	1	-18	8	44	0.136364	1	0	0	2	0	0	0
anightforjackie	3	3	8	15	4	-11	3	55	0.763636	4	0.413793	0.0545455	9	0	0	0
BLLLOLLLLLLU	6	6	8	12	1	-3	5	15	1.6	5	0.222222	0.135556	9	0	0	0
happy6yearsmcfly	30	35	51	16	5	-9	1	25	0.64	3	0	0	6	0	0	0
EmoRocker!	1	1	2	10	2	-8	1	123	0.0325203	1	0	0	2	0	0	0
Gypsy!	11	11	12	6	1	-21	11	60	0.2	3	0.6	0.0388889	4	0	0	0
davidchoi	1	1	2	9	2	-21	1	100	0.1	1	0	0	2	0	0	0
RIPGusDur	1	1	2	9	3	-10	1	30	0	0	0	0	1	0	0	0
medicate	7	8	9	8	1	-2	1	26	1.76923	10	0.197368	0.126129	14	0	0	0
signedtosodmoneygang	3	3	4	20	5	-22	3	113	1.23894	55	0.0119048	0.0678764	63	2	1241331	1245685
futureTylerPerrymovie	3	3	4	21	4	-21	1	40	2.3	14	0.172249	0.194101	32	0	0	0
Gilad	4	91	104	5	1	-17	17	40	6.8	16	0.44839	0.388649	37	2	5160	10074
couldbeattheraiders	1	1	2	19	4	-15	1	95	1.6	24	0.0614525	0.0786738	46	2	23054	29750
iran%	215	216	217	5	1	-15	101	113	2.24779	18	0.142857	0.0928646	72	5	8937	31961
jamansmp	13	13	27	8	1	-21	13	44	0.409091	4	0.642857	0.0871212	5	0	0	0
killerlambchop	1	1	2	14	3	-7	1	78	0.025641	1	0	0	2	0	0	0
REPASSEM%	1	1	2	9	1	-3	1	61	0.131148	1	0	0	2	0	0	0
ryanleslieonbetnow.	1	1	1	19	5	-23	1	85	0.235294	8	0	0	9	0	0	0
CHUPA.	2	2	3	6	1	-4	1	56	0.642857	4	0.142857	0.0238095	10	1	11179	11179
letsmakethisstupidhashtagsentenceatrendingtopic	1	1	3	47	9	-23	1	76	0	0	0	0	1	0	0	0
knewshewasagroupie-	1	1	2	19	5	-1	1	134	0.61194	29	0.0211268	0.0299059	38	2	85367	91032
Mousavi	188	205	211	7	1	-20	32	41	2.34146	10	0.309417	0.126481	25	2	25263	40368
PakCricket	3	3	74	10	2	-24	66	66	12.9394	48	0.517718	0.496933	59	1	4424	4424
buckIDOL	1	1	2	8	2	-22	1	88	2.15909	75	0.0197232	0.195765	77	2	81921	106263
thanksfab	1	1	2	9	2	-4	1	80	0	0	0	0	1	0	0	0
tmtweet	1	1	2	7	3	-3	1	33	0.30303	3	0	0	4	0	0	0
ondoy	3	9	14	5	1	-21	3	53	1.32075	8	0.296703	0.199865	22	1	8406	8406
duststorm	13	25	36	9	2	-13	18	13	0	0	0	0	1	1	4692	4692
rejectedweirdalsongparodytitles	5	5	6	31	5	-6	1	73	0.383562	13	0	0	15	1	786981	786981
BlameDrewsCancer	464	464	465	16	3	-14	103	92	1.32609	24	0.130435	0.0992352	38	7	16380	48476
foryourentertainment	2	2	3	20	3	-3	1	28	0.428571	3	0	0	6	0	0	0
GaGaForPresident	1	1	2	16	4	-19	1	72	0.0277778	1	0	0	2	0	0	0
twitpocalypse	16	32	39	13	2	-16	25	103	0.31068	3	0	0	10	3	26940	36480
firstdraftmovies	13	24	31	16	3	-7	17	56	0	0	0	0	1	0	0	0
ilovetheNHS	47	47	48	11	4	-24	47	147	0.92517	52	0.00672143	0.0272263	56	1	13802	13802
mikebailey	1	1	2	10	2	-4	1	89	1.37079	35	0.0124481	0.0563057	47	1	6084	6084
NewMoonCancelled	2	2	3	16	3	-22	1	48	0	0	0	0	1	0	0	0
SouljaBoyMadeTwitter	1	1	2	20	4	-4	1	53	1.28302	34	0	0	35	1	1241331	1241331
piraten+	315	319	339	8	1	-24	325	147	11.0204	126	0.280018	0.502884	139	1	10883	10883
sarneystreaming	1	1	2	15	2	-15	1	86	0.465116	6	0	0	13	1	7500	7500
CMONBRAZIL	8	12	13	10	2	-8	1	11	0.181818	1	0	0	2	0	0	0
iranelections	66	84	85	13	2	-10	46	77	3.37662	21	0.212363	0.215794	59	4	15105	39837
church..	1	1	2	8	1	-5	1	59	0	0	0	0	1	0	0	0
CorinthiansCampeao	2	2	3	18	2	-19	2	87	0.16092	2	0	0	3	0	0	0
ns2009	5	5	56	6	2	-18	5	16	0.75	4	0.375	0.135417	5	0	0	0
Neda),	1	1	2	6	1	-3	1	88	0.159091	4	0	0	7	1	6028	6028
signmattg.	73	73	74	10	2	-1	72	29	0.758621	2	0.75	0.206897	4	0	0	0
snsd%	24	40	357	5	1	-12	31	102	1.80392	63	0.0279412	0.182522	69	0	0	0
goodchoicekevin	1	1	2	15	3	-4	1	52	0.115385	1	0	0	2	0	0	0
hashtags	504	504	505	8	1	-4	409	149	0.697987	11	0.133333	0.0324792	30	10	29292	124457
shortstackhot30	2	2	4	15	4	-20	1	17	1.64706	12	0.0441176	0.118538	13	1	7990	7990
namadrugaboladona	1	1	2	17	4	-24	1	32	0.0625	1	0	0	2	0	0	0
nxgrammy	2	2	3	8	2	-3	1	27	1.11111	8	0.218182	0.160494	11	0	0	0
youknowhecrazy	1	1	2	14	4	-17	1	74	0.351351	4	0.789474	0.0585586	5	0	0	0
DailyDoseStyle	1	1	2	14	3	-14	1	53	6.26415	47	0.320186	0.781963	48	1	5826	5826
I.B.R.A.D	1	1	2	9	2	-15	1	66	0.151515	2	0	0	3	0	0	0
signedtoyoungmoney%	2	2	3	19	4	-19	1	45	0.177778	1	0	0	2	1	6034	6034
TilaTrivia	1	1	2	10	2	-23	1	67	0.925373	30	0	0	32	1	226311	226311
credoaction	22	22	24	11	2	-5	22	57	0.0350877	1	0	0	2	0	0	0
internetgangsters	1	1	2	17	2	-4	1	44	0.136364	1	0	0	2	0	0	0
EVERYOTHER	1	1	2	10	2	-3	1	65	0.707692	19	0.0171429	0.0308592	22	1	149210	149210
spd-	318	323	342	4	1	-20	69	96	6.75	63	0.257424	0.47292	88	1	10883	10883
spreadthewave	2	2	3	13	3	-23	1	39	0.153846	1	0	0	2	1	8767	8767
twitterisafraidofmishasminions	1	1	3	30	6	-11	1	58	0.103448	1	0	0	2	0	0	0
hitomoji	12	14	15	8	2	-7	2	18	0.333333	2	0	0	3	0	0	0
uknowhecrazy	1	1	2	12	4	-17	1	79	0.556962	12	0.0422535	0.0295359	13	1	5127	5127
unpublishedNHLbooks	2	2	3	19	3	-15	1	43	1.81395	18	0.210744	0.15934	22	0	0	0
XurupitaDay	1	1	2	11	1	-19	1	64	0.0625	1	0	0	2	0	0	0
JBcomebacktoBrazil	3	4	1	18	5	-4	1	10	0.6	3	0	0	4	1	6129	6129
mikeybdayvideoBR	38	38	39	16	4	-9	1	10	0	0	0	0	1	0	0	0
prayersforanissa	1	1	29	16	3	-9	1	38	5.52632	19	0.382653	0.401456	33	4	7844	23940
BrazilovesJonas	3	3	4	15	3	-15	1	17	2	14	0.0918367	0.276449	15	1	6129	6129
ILUVDDUB	1	1	2	8	3	-11	1	46	0.565217	3	0	0	6	0	0	0
DODGERS%PHILLIES	10	10	11	16	2	-19	1	17	0.117647	1	0	0	2	0	0	0
Ebuyer042	1	1	3	9	2	-8	1	69	0.347826	3	0.833333	0.0917874	5	0	0	0
exclusivetilaBLOCKparty	1	1	2	23	3	-3	1	67	0	0	0	0	1	0	0	0
GagaVMAs	11	11	56	8	2	-2	1	15	0.4	2	0	0	4	0	0	0
longlivekanyewest	10	10	11	17	4	-6	10	48	0.0416667	1	0	0	2	0	0	0
happbdaytravismckoy	1	1	2	19	4	-17	1	107	1.62617	38	0.0623324	0.22682	58	3	45494	69187
givenachance	2	2	3	12	3	-15	1	42	0.47619	10	0	0	11	1	38097	38097
hicp	3	3	4	4	1	-7	1	58	0.206897	2	0.75	0.0517241	3	1	7568	7568
HORIREVELACAO2009	1	1	2	17	3	-14	1	44	0.545455	7	0.387097	0.0714286	9	0	0	0
iranelection.	92	93	109	13	2	-7	26	31	0.129032	1	0	0	2	1	406062	406062
bbcawdio	8	38	40	8	2	-10	27	77	1.32468	45	0.0119048	0.0429096	48	1	867976	867976
boycottTheValleySwimClub	1	1	2	24	5	-3	1	89	0.898876	24	0.11215	0.109811	29	1	4618	4618
knewHEwasagroupie	2	2	3	17	5	-4	1	33	0.181818	1	0	0	2	0	0	0
LeRoi	21	38	43	5	2	-1	30	54	2.33333	12	0.37013	0.152095	32	0	0	0
myteamwillgo	1	1	2	12	4	-6	1	87	0.206897	2	0	0	3	0	0	0
green	8	106	795	5	1	-19	2	17	1.05882	4	0	0	8	3	26849	47022
theyhadahelluvarun	2	3	5	18	5	-19	1	13	0	0	0	0	1	0	0	0
thingsivelearnedontour	2	5	6	22	6	-2	2	29	2.06897	13	0.214286	0.193575	20	3	18524	31918
yamamaever	1	1	2	10	2	-4	1	1749	1.38822	717	0.00313402	0.0990816	895	4	154348	174751
lilmamais	1	1	2	9	2	-21	1	2359	1.24544	267	0.0112657	0.0368059	964	8	154348	206210
sorrybowwow	1	1	2	11	2	-7	1	1962	2.29052	554	0.0108221	0.0835157	1116	17	154348	330296
itsnotgonnawork	4	5	6	15	5	-6	1	39	2.51282	13	0.334711	0.188386	32	0	0	0
WeCoolAndAllBut	2	2	3	15	5	-1	1	388	0.190722	4	0.230769	0.00773196	9	1	7615	7615
thingssaidb4sex	4	4	5	15	4	-3	1	7	0	0	0	0	1	0	0	0
helooksgoodbut	3	3	5	14	4	-1	1	30	0.0666667	1	0	0	2	1	4723	4723
uknowusprung	4	6	11	12	4	-13	1	14	1.57143	4	0.166667	0.107143	11	0	0	0
chrisbrownsbowtie	3	4	5	17	3	-17	1	70	0.571429	9	0.122449	0.0460317	13	1	5948	5948
fuckyoumean	2	2	5	11	3	-7	1	736	2.08152	335	0.00864046	0.12969	514	4	149210	190065
celebrityperfumes	2	2	3	17	2	-22	1	138	0.202899	5	0.230769	0.0217391	6	1	5652	5652
GODismyhero	1	1	2	11	4	-20	1	689	2.02322	497	0.00368673	0.19833	537	3	1657119	1873394
ruleofrelationships	4	4	7	19	3	-21	2	27	0.37037	3	0	0	6	0	0	0
SouljaBoyisGod	2	2	3	14	4	-4	1	37	0	0	0	0	1	0	0	0
fatgirlremix	5	6	7	12	3	-17	1	16	0.5	2	0	0	3	0	0	0
iamproudof	3	3	12	10	4	-8	1	70	0.0285714	1	0	0	2	0	0	0
crazybabydaddys	1	1	2	15	3	-2	1	356	1.02247	148	0.0024644	0.0374555	163	2	154348	169343
ImTwitaddicted	2	3	4	14	4	-14	1	97	1.6701	26	0.283163	0.131936	42	8	130900	415117
ijustwannarun	3	3	6	13	4	-3	1	139	0.129496	2	0	0	3	1	5269	5269
classicgame	1	1	2	11	2	-15	1	407	1.06143	180	0.00185701	0.0335804	200	1	154348	154348
Minimacs	1	1	3	8	2	-14	1	299	0.0334448	2	0	0	3	0	0	0
whitneymight	1	1	2	12	2	-1	1	510	1.15686	226	0.00398484	0.058172	254	3	154348	196478
urdoing2muchif	2	2	4	14	6	-6	1	216	0.0740741	1	0	0	2	1	6773	6773
girlsfact	3	3	4	9	2	-21	1	25	0.48	3	0	0	4	0	0	0
itbetheones	3	5	6	11	4	-5	1	25	0	0	0	0	1	0	0	0
sandraroseface	1	1	3	14	3	-19	1	291	2.26804	178	0.0312108	0.156427	205	5	251307	271801
inaperfectworld	7	7	8	15	4	-15	1	13	0.461538	2	0	0	3	0	0	0
helookgoodbut	2	3	4	13	4	-1	1	22	0.0909091	1	0	0	2	0	0	0
pineconebaby	69	69	71	12	3	-19	1	32	0	0	0	0	1	0	0	0
wecandate	24	25	27	9	3	-14	22	17	0	0	0	0	1	0	0	0
mcflybr!	5	6	178	8	2	-10	1	16	0.125	1	0	0	2	0	0	0
AaronNeale	1	1	3	10	2	-15	1	358	0.217877	3	0.2	0.00651769	7	0	0	0
nottosayonfirstdate	2	2	5	19	6	-16	1	40	0.35	2	0.6	0.075	3	0	0	0
shouldabeenasingle	2	3	4	18	4	-1	1	39	0.102564	2	0	0	3	0	0	0
pendetindonesia	2	2	5	15	2	-24	1	80	0.5	9	0.12766	0.0215278	12	0	0	0
nomaintenance	2	2	4	13	2	-4	1	161	0.459627	8	0.0555556	0.0126442	21	1	8354	8354
iremember	9	20	31	9	2	-24	8	42	0.52381	5	0	0	8	0	0	0
SMARTPEOPLE	2	2	3	11	2	-3	1	196	1.03061	87	0.0031881	0.0306177	96	2	226311	257648
mcflybr%	5	7	8	8	2	-4	1	14	0.142857	1	0	0	2	0	0	0
followS4C	12	66	78	9	2	-14	1	21	0.190476	2	0	0	3	0	0	0
ZacPleaseFollowMe	2	2	5	17	4	-1	1	10	0	0	0	0	1	0	0	0
britneyhasmyheart	4	5	6	17	4	-2	4	94	1.19149	26	0.163399	0.0930252	37	0	0	0
ipod	404	404	405	4	1	-12	404	531	1.11488	20	0.124364	0.0492877	166	6	41045	99911
JonasForChristmas	2	3	5	17	3	-11	1	33	0.0606061	1	0	0	2	0	0	0
patrondidit	2	2	3	11	3	-5	1	1	0	0	0	0	1	0	0	0
adamfarted	1	1	2	10	2	-22	1	258	1.58915	44	0.0866185	0.0808102	114	2	8404	12474
weightlesswednesday	13	13	27	19	2	-5	13	57	0.0350877	1	0	0	2	0	0	0
virginradiomontreal	1	1	2	19	4	-17	1	219	4.3105	131	0.0716893	0.227413	195	2	89037	98098
donttalktomeabouthiphop	2	2	4	23	6	-21	1	107	2.05607	30	0.102079	0.134252	72	4	9872	29191
HappyBDaySouljaBoy	1	1	2	18	4	-21	1	305	1.91475	285	0.000444631	0.0393447	287	2	1241331	1245685
everlastingsong	3	3	4	15	3	-19	1	17	0.588235	3	0	0	4	1	9559	9559
BeatCancer%	13	42	60	11	2	-5	14	12	0	0	0	0	1	0	0	0
CN4Iran	1	1	2	7	2	-8	1	167	3.1497	60	0.115223	0.143671	105	3	4789	13942
Stellan,	10	10	11	8	1	-24	1	15	0.133333	1	0	0	2	0	0	0
followmeironik	1	1	2	14	3	-15	1	73	1.47945	29	0.0743802	0.0757069	43	2	8423	13119
happybdayhayley	24	41	48	15	3	-2	32	19	0.210526	1	0	0	2	0	0	0
JonasSunday	3	3	5	11	2	-11	2	84	0.214286	3	0	0	4	0	0	0
lameclaimtofame	7	9	13	15	4	-12	3	30	0.333333	3	0	0	4	0	0	0
novabanda	1	1	3	9	2	-14	1	50	0	0	0	0	1	0	0	0
TeamKanye	2	2	4	9	2	-19	1	64	0.125	1	0	0	2	0	0	0
happybirthdayMikey	189	190	191	18	3	-23	187	87	1.56322	25	0.197292	0.175718	37	0	0	0
nxzerosetechaves	2	2	3	16	4	-15	1	74	0.783784	22	0.0604839	0.0746168	25	0	0	0
buticouldnt	10	10	11	11	3	-18	2	14	0.428571	2	0	0	3	0	0	0
paparazzisucks	2	3	5	14	2	-3	1	91	1.82418	20	0.138535	0.114585	46	2	7011	11864
ifiwasaliberal	2	4	5	14	5	-17	1	53	1.58491	14	0.25	0.113332	23	1	5125	5125
habbo!	6	6	11	6	1	-15	1	59	0.0677966	1	0	0	2	0	0	0
shelookbetter	1	1	2	13	3	-14	1	93	0.0430108	1	0	0	2	0	0	0
ushernext911call	1	1	2	16	4	-10	1	180	1.17778	89	0.00529501	0.0463724	95	4	53268	87436
MussumDay,	22	34	46	10	2	-12	24	15	0.133333	1	0	0	2	0	0	0
acornfacts	2	2	3	10	3	-15	1	45	0.933333	9	0.259259	0.10381	15	1	5585	5585
thingsdarkiessay	3	5	6	16	3	-12	1	9	0.666667	2	0	0	4	0	0	0
HappyBirthdayIvy	13	24	46	16	3	-12	14	37	0.540541	7	0.130435	0.0553411	8	1	5337	5337
jokoanwar	10	10	11	9	2	-6	8	36	0.5	5	0.4	0.116667	6	0	0	0
sept2nd	5	5	6	7	2	-21	3	29	0	0	0	0	1	0	0	0
iwishmyteam	2	2	9	11	4	-6	1	128	0.15625	2	0	0	3	0	0	0
BrazilANDBieber	4	6	7	15	3	-10	3	9	0	0	0	0	1	0	0	0
entitlementisnotsexy	1	1	3	20	4	-23	1	120	2.8	24	0.231651	0.182988	75	0	0	0
crazybabymommas	1	1	2	15	3	-2	1	94	0.148936	3	0	0	4	0	0	0
deefizzy	1	1	2	8	2	-21	1	165	0.0242424	1	0	0	2	0	0	0
GoodDick	5	5	6	8	2	-14	1	18	1.33333	5	0.321429	0.146296	8	1	5662	5662
ADAMISRAD	1	1	2	9	3	-23	1	125	2.624	26	0.246358	0.117488	59	0	0	0
balloonboy,	2	2	5	11	2	-13	1	22	0.0909091	1	0	0	2	0	0	0
CELEBRITYXMASALBUMS	1	1	2	19	3	-3	1	80	0.075	3	0	0	4	1	12774	12774
finna	1	1	2	5	1	-13	1	228	1.75439	188	0.00204464	0.0555581	191	1	570771	570771
HappyBdayAndySkib	6	6	8	17	4	-1	5	15	0.533333	2	0	0	5	0	0	0
backnthedaycartoon	5	5	6	18	5	-13	1	22	0	0	0	0	1	0	0	0
YOUKNOWUINLOVE	8	8	9	14	5	-8	6	26	0.0769231	1	0	0	2	0	0	0
damnlildaddy	1	1	3	12	2	-19	1	101	1.72277	77	0.0111524	0.0911196	79	1	149210	149210
MileysPregnant	1	1	3	14	3	-19	1	124	0.0806452	2	0	0	3	0	0	0
outsidediddysparty	5	5	6	18	3	-3	1	29	0.896552	6	0	0	12	1	6696	6696
youreafreak	2	2	4	11	4	-19	1	29	1.10345	15	0.0280374	0.0692939	16	1	5662	5662
celebrityperfume	2	2	3	16	2	-22	1	34	0.0588235	1	0	0	2	0	0	0
myprblmis	1	1	2	9	3	-5	1	134	0.58209	24	0	0	35	2	38097	44842
CadeMeusFollowers	2	2	4	17	3	-19	1	90	1.55556	50	0.0235849	0.108971	58	2	20558	28306
GoBrasil	1	1	2	8	2	-14	1	100	1.16	44	0.0153531	0.0720529	50	1	20558	20558
unverifiedlilduval	1	1	2	18	2	-19	1	99	0.10101	3	0	0	4	2	53268	65725
mechanicaldummies	1	1	4	17	2	-15	1	59	0.271186	5	0.1875	0.0242938	7	0	0	0
DUDEBITCH	1	1	3	9	2	-21	1	75	0.0266667	1	0	0	2	2	4277	8422
NYMarriageDebate	4	6	7	16	3	-7	2	21	0.190476	2	0	0	3	1	7042	7042
peteandinvisiblechildren	13	26	33	24	3	-8	20	64	0.25	3	0	0	4	0	0	0
graffitionracks	2	2	4	15	2	-6	1	12	0	0	0	0	1	0	0	0
cowokitu	3	3	5	8	2	-9	2	19	1.15789	5	0.62069	0.219298	7	0	0	0
HAPPYBDAYJIMMYURINE	17	17	19	19	4	-15	15	33	1.15152	7	0.428571	0.173304	12	0	0	0
AdamsEve	2	2	4	8	2	-19	1	21	0.761905	4	0.428571	0.142857	7	0	0	0
Eunãosabiadenada2019	1	1	3	20	3	-11	1	111	0	0	0	0	0	0	0	0
thatsafrican	2	2	4	12	3	-1	1	68	1.35294	23	0.0882353	0.0816051	31	1	58263	58263
hirstisacock	1	1	2	12	4	-8	1	160	2.1	100	0.0266688	0.253295	118	2	57408	71210
DemiandJBinBRAZIL	2	2	3	17	3	-6	1	45	0.133333	1	0	0	2	0	0	0
AN22	3	21	41	4	1	-12	3	23	0.782609	5	0.272727	0.104348	8	0	0	0
Mexicoquequiero	1	1	3	15	3	-15	1	80	0.5	9	0.0555556	0.00868056	18	0	0	0
blogtepegoas7	1	1	3	13	3	-2	1	48	0.0833333	1	0	0	2	0	0	0
signedtoyoungmoney,	3	3	4	19	4	-19	1	14	0.428571	2	0	0	3	0	0	0
CallCongress	1	1	23	12	2	-10	1	29	0.965517	14	0	0	15	1	1882889	1882889
ScottGuAnnouncement	2	2	4	19	3	-20	1	42	1.66667	17	0.110526	0.167264	23	0	0	0
ShadowComplex%	23	23	25	14	2	-11	23	112	2.73214	45	0.170639	0.18092	79	0	0	0
FINDBOB!	1	1	2	8	2	-23	1	164	0.219512	4	0.352941	0.0162602	6	0	0	0
nkotbDecember20Boston	1	1	2	21	4	-14	1	82	3.68293	80	0.07787	0.429629	81	1	54541	54541
musicfacts	4	4	5	10	2	-3	1	49	1.87755	45	0.00302419	0.0408369	46	1	1844499	1844499
deepdowninside.I	1	1	2	16	4	-14	1	41	0	0	0	0	1	0	0	0
feellikeimback	1	1	5	14	5	-2	1	60	0.533333	15	0	0	16	1	154348	154348
in1998	3	4	5	6	2	-6	3	63	0.698413	7	0.0833333	0.0238095	17	0	0	0
indiemoviecliche	1	1	2	16	3	-4	1	108	0.0555556	1	0	0	2	1	14976	14976
au_official2009	60	60	61	15	2	-1	1	16	0.125	1	0	0	2	0	0	0
KeepPaula	13	32	36	9	2	-13	23	121	1.65289	15	0.460465	0.153379	27	1	4395	4395
BrazilsupportsJonasB	3	5	9	20	4	-13	1	33	0.242424	2	0	0	4	0	0	0
cantlivewithout%	17	37	41	16	3	-17	1	11	0.181818	1	0	0	2	1	570771	570771
prettyhatemachine	26	27	29	17	3	-22	16	14	0.142857	1	0	0	2	0	0	0
BrazilcongratsJoe	3	4	5	17	3	-1	1	10	0	0	0	0	1	0	0	0
lameclaimstofame	4	5	6	16	4	-16	2	18	0.666667	2	0	0	3	0	0	0
SBYtegasataumundur	2	2	3	18	4	-19	1	42	0	0	0	0	1	0	0	0
ochocincoapp	1	1	2	12	2	-5	1	75	0.533333	18	0	0	19	1	60822	60822
cthagodgotfired	1	1	2	15	3	-7	1	100	1.18	35	0.0606061	0.127762	44	4	53268	84064
FvsB	1	1	2	4	2	-5	1	96	0.0625	1	0	0	2	0	0	0
tvtbtw	4	4	5	6	2	-11	4	90	1.17778	10	0.128342	0.0664198	36	0	0	0
damesanta	3	3	6	9	2	-24	1	13	0	0	0	0	1	0	0	0
MaddenLaunch	6	6	7	12	2	-15	1	11	2.18182	6	0.514286	0.4	8	1	6893	6893
perezzies!	2	2	3	10	1	-7	1	41	0	0	0	0	1	0	0	0
Ebuyer355	1	1	3	9	2	-8	1	81	0.123457	2	1	0.037037	3	0	0	0
admitit,	2	3	5	8	2	-17	1	13	0	0	0	0	1	0	0	0
HurricaneJONAS	2	2	3	14	2	-20	1	35	0.857143	14	0	0	15	0	0	0
NickJGrammy	9	9	10	11	3	-15	9	64	0.40625	4	0.1875	0.0338542	7	0	0	0
shesprobablynotwifey	6	7	8	20	5	-7	1	41	1.41463	18	0.0677966	0.135438	23	1	6195	6195
unlikelyindianbooks	1	1	4	19	3	-10	1	70	2.6	17	0.269231	0.179939	44	0	0	0
CNNfail%	17	18	19	8	2	-21	17	119	1.29412	48	0.0174274	0.0274007	65	7	1210996	1263446
liesdiddytell	3	3	5	13	4	-23	3	64	1.28125	14	0.130435	0.0920158	29	4	6696	21838
CheerUpTaec	22	22	23	11	3	-20	1	3	0	0	0	0	1	0	0	0
Ebuyer763	1	1	3	9	2	-5	1	85	0.282353	5	0.375	0.0494118	6	0	0	0
euteamomcfly	4	5	7	12	4	-8	1	13	0.769231	5	0	0	6	0	0	0
givingandgetting	1	1	144	16	3	-12	1	46	0.913043	18	0.0189873	0.0291276	21	1	14288	14288
jonnytv-2	2	3	4	9	2	-13	1	13	0	0	0	0	1	0	0	0
smwave	11	11	12	6	2	-3	1	22	0	0	0	0	1	0	0	0
FilmAnatomy	1	1	3	11	2	-9	1	76	3.63158	33	0.213777	0.253982	62	0	0	0
rushlimbaughdopefiend	1	1	2	21	4	-13	1	70	1.85714	44	0.0139147	0.0956556	61	2	24919	29639
SouljaBoyCameUp	1	1	3	15	4	-3	1	37	0	0	0	0	1	0	0	0
urdoing2much	3	3	4	12	5	-6	1	25	0	0	0	0	1	0	0	0
CHUPA%	1	1	2	6	1	-2	1	63	0.190476	2	0	0	3	2	5222	9223
HappyBDayBritney	23	23	25	16	3	-4	23	42	0.333333	3	0	0	8	1	38748	38748
secretturnoff	3	3	6	13	3	-24	3	28	0	0	0	0	1	0	0	0
youknowyoureagolddiggerif...	1	1	3	28	8	-21	1	56	0.214286	5	0	0	6	1	12774	12774
youhaveanicebody	2	2	5	16	5	-2	1	19	0	0	0	0	1	0	0	0
chrisjerichoisbetterthanchucknorris	5	6	7	35	6	-13	1	19	1.57895	14	0.0322581	0.105842	15	1	29015	29015
imaHarujukuBarbie	1	1	2	17	4	-1	1	70	1.8	62	0	0	64	1	127300	127300
sharesams	25	25	26	9	1	-14	25	66	4.33333	25	0.413084	0.234286	39	4	13380	33316
TwitterFail	99	99	100	11	2	-13	98	34	0	0	0	0	1	1	4336	4336
vanusacantanacopa2010	1	1	2	21	4	-15	1	79	1.24051	47	0	0	48	1	132754	132754
Ebuyer549	1	1	3	9	2	-13	1	80	0.25	3	0.5	0.0291667	4	0	0	0
happybdayholdontight	1	1	2	20	5	-13	1	27	0.518519	3	0.5	0.111111	4	1	18683	18683
SMPwedding	22	25	46	10	2	-2	20	29	0.344828	5	0	0	6	0	0	0
YSR	13	15	33	3	2	-14	20	69	1.07246	10	0.254717	0.115459	22	1	4866	4866
twitt10tahunlagi	4	4	5	16	3	-9	3	15	0.133333	1	0	0	2	0	0	0
wejustcantbetogether	2	2	3	20	5	-19	1	43	0.930233	6	0.0833333	0.0348837	20	1	6696	6696
weniwaslittle	2	3	5	13	4	-19	1	7	0.285714	1	0	0	2	0	0	0
SouljaBoyinLondon	1	1	4	17	4	-6	1	30	0	0	0	0	1	0	0	0
federicodecueca	1	1	2	15	3	-4	1	46	0.0434783	1	0	0	2	0	0	0
mcflybr2010	1	1	2	11	2	-3	1	43	0.186047	1	0	0	2	0	0	0
iloveignreaders!	4	5	6	16	4	-22	4	53	1.39623	35	0	0	37	1	29582	29582
inappropriatehalloweencostumes	1	1	2	30	3	-3	1	72	0.0277778	1	0	0	2	0	0	0
hassmartin	2	2	4	10	2	-4	1	19	0.210526	1	0	0	2	0	0	0
unabuenanovia	6	6	7	13	2	-2	5	9	0	0	0	0	1	0	0	0
fabteeth	2	2	3	8	2	-17	1	10	0.2	1	0	0	2	0	0	0
foramilliondollars.	2	2	3	19	4	-21	1	6	0	0	0	0	1	0	0	0
miamigirls	3	3	4	10	2	-2	3	46	1.43478	7	0.241379	0.131366	24	0	0	0
tuiteiumfilme	2	2	3	13	2	-15	1	28	0.571429	3	0.333333	0.0357143	6	0	0	0
savestephen	1	1	2	11	2	-6	1	66	0.30303	4	0	0	5	0	0	0
shareJobHistory	2	2	3	15	3	-18	1	42	4.85714	17	0.364662	0.338575	33	2	5920	9956
springsteensingwithdanny	10	10	12	24	4	-1	10	77	0.519481	5	0.272727	0.0441558	15	0	0	0
YOU2OLD	3	3	5	7	3	-19	1	37	0.324324	2	0	0	4	0	0	0
HappyBirthdayNickJBrasil	2	3	4	24	4	-2	1	26	0.0769231	1	0	0	2	0	0	0
tt09f	9	9	10	5	2	-20	8	26	1.30769	6	0.391304	0.148718	13	0	0	0
disneymarvel	2	2	4	12	2	-8	1	35	1.08571	4	0.769231	0.142857	5	1	4115	4115
siteivetesangalo	1	1	2	16	4	-3	1	25	0.08	1	0	0	2	0	0	0
beatlesporn	17	17	19	11	2	-18	1	30	1.86667	10	0.22314	0.25381	19	1	11756	11756
dnbconfessions	2	2	3	14	2	-3	1	36	2.5	14	0.322314	0.374262	23	0	0	0
weargreen	2	2	6	9	2	-3	1	12	0.833333	4	0	0	5	1	19145	19145
BrazilWantsDDLovato%	1	1	2	20	4	-5	1	56	0.857143	18	0	0	24	0	0	0
hankvideo	1	1	2	9	2	-14	1	69	0.057971	1	0	0	2	0	0	0
nickandmileybelongtogether	1	1	2	26	5	-5	1	48	0.25	1	0	0	2	0	0	0
VMB2009	20	20	21	7	2	-15	1	17	0	0	0	0	1	0	0	0
NSWspill	23	23	24	8	2	-4	21	50	2.64	13	0.330769	0.18223	30	2	5241	9621
anybodyseen	1	1	3	11	2	-1	1	1101	1.14986	407	0.00238055	0.0591453	508	2	154348	167853
songthatmademecry	2	2	3	17	5	-23	1	348	0.0689655	3	0.666667	0.00957854	4	0	0	0
youknowurahoeif	3	3	5	15	7	-11	1	17	0	0	0	0	1	0	0	0
filmbuatmewek	4	4	6	13	3	-10	1	50	0.36	4	0	0	7	1	9559	9559
SouljaBoyMixtape	13	26	35	16	4	-1	1	20	0.4	4	0	0	5	1	1241331	1241331
johnhughesquotes	7	7	9	16	3	-2	1	32	0.1875	2	0	0	3	0	0	0
howdareu	2	3	5	8	3	-2	1	51	1.09804	6	0.263158	0.0673203	15	0	0	0
meteorwatch	7	171	184	11	3	-12	6	12	2.83333	8	0.428571	0.356746	12	0	0	0
Tehran,	55	67	79	7	1	-17	62	61	1.67213	21	0.102167	0.109644	38	6	27308	66175
songsyoudontwannahearinjail	2	3	5	27	7	-23	1	22	0	0	0	0	1	0	0	0
WeAreHereForYouJoe	3	3	5	18	6	-10	1	26	1.15385	4	0.352941	0.198718	9	0	0	0
nickjonassideboob	2	2	12	17	3	-24	1	81	0.0740741	2	1	0.037037	3	0	0	0
davidcookthealbum	13	13	26	17	3	-1	18	78	2.02564	17	0.256809	0.165662	37	0	0	0
MAGICADAPRI	3	4	5	11	2	-6	1	135	0.162963	2	0	0	5	0	0	0
BrazilmissesJonas	2	2	3	17	3	-15	1	74	0.297297	5	0	0	8	0	0	0
janjijoko	3	3	4	9	2	-5	1	56	0.571429	5	0	0	11	1	4821	4821
supportmac	2	3	4	10	2	-14	1	16	0.625	2	0	0	4	0	0	0
findJoescamera	3	3	6	14	3	-13	1	96	0.375	11	0.1	0.0420455	13	0	0	0
swagmustdie	1	1	4	11	3	-1	1	93	0.0430108	2	0	0	3	0	0	0
HappyBirthdayJohnO	4	4	5	18	3	-17	2	34	1.70588	11	0.118812	0.178056	25	0	0	0
vanusa2016	24	24	25	10	2	-7	1	14	0	0	0	0	1	0	0	0
BCAwareness	13	16	27	11	2	-1	4	11	0.545455	3	0	0	4	0	0	0
Tanuke!	3	5	7	7	1	-5	3	54	0.0740741	1	0	0	2	0	0	0
gokeyisadouche	2	2	4	14	4	-21	1	36	1.38889	6	0.310345	0.172222	13	0	0	0
OchoCincoOnUstream	1	1	2	18	4	-1	1	77	0	0	0	0	1	2	10069	17195
britbdaybook	1	1	2	12	2	-1	1	110	0.0363636	1	0	0	2	0	0	0
happybdaytop	23	23	25	12	3	-3	23	49	0.244898	3	0	0	4	0	0	0
opacineaqui	3	3	4	11	2	-2	1	29	1.10345	16	0	0	17	1	13538	13538
ChickRocker!	1	1	2	12	2	-8	1	119	0.0168067	1	0	0	2	0	0	0
UglyCelebs	1	1	2	10	2	-24	1	83	1.80723	12	0.114943	0.11399	47	0	0	0
bunnytalk	2	2	3	9	2	-24	1	40	0.05	1	0	0	2	0	0	0
THEBAY	3	3	5	6	2	-4	1	10	2.4	5	0.666667	0.46	7	0	0	0
whathappens	3	3	4	11	2	-17	1	24	1	5	0.521739	0.1375	9	0	0	0
quotesIjustmadeup	1	1	2	17	5	-6	1	108	1.75926	90	0.00298954	0.0740833	92	1	867976	867976
disneybuysmarvel	2	3	8	16	3	-8	1	31	0.516129	2	0.75	0.0967742	3	0	0	0
Ebuyer652	1	1	3	9	2	-9	1	71	0.338028	3	0.5	0.0328638	4	0	0	0
